1
24
24
14
1
1
18
1
17
16
11
7
24
4
23
12
19
20
8
15
2
15
20
23
1
5
5
13
0
17
16
7
4
1
14
23
18
8
23
4
22
18
8
0
2
23
3
23
3
7
6
23
2
2
9
6
3
2
11
9
11
6
3
3
4
23
22
22
5
21
10
22
15
22
24
11
15
9
24
23
14
24
3
15
5
18
7
20
10
9
15
2
19
15
22
23
0
8
10
10
7
19
11
6
0
15
24
22
17
11
3
16
10
9
22
5
3
11
12
18
6
10
10
11
20
21
10
14
8
20
16
5
2
2
3
24
20
9
18
24
19
22
0
20
11
24
22
22
15
23
4
20
21
23
3
5
23
20
22
23
9
15
9
16
20
20
2
19
23
3
6
5
11
14
15
23
12
23
8
17
4
21
17
18
3
11
18
18
21
23
5
0
11
20
3
1
3
7
23
23
23
17
8
10
12
2
18
8
22
23
15
18
6
0
0
16
18
6
0
1
20
14
1
18
24
5
4
11
16
0
6
14
6
11
16
19
8
15
3
17
12
12
7
0
2
9
12
11
14
4
9
5
23
15
5
13
21
24
18
6
3
10
6
23
14
16
24
3
12
18
16
4
23
24
8
4
13
0
19
20
17
15
5
4
11
6
3
9
12
20
20
23
20
14
8
3
15
22
18
6
3
14
23
11
19
8
12
19
13
24
24
16
11
21
0
14
13
17
22
23
6
3
19
8
3
4
16
20
2
16
2
15
5
16
12
22
19
9
0
7
18
2
22
10
13
9
7
19
3
3
19
4
11
3
19
19
16
19
10
21
21
17
20
0
12
2
9
12
8
16
7
0
8
4
17
2
8
10
7
4
8
17
15
14
8
5
0
9
1
10
17
8
7
17
18
3
2
12
8
12
7
19
6
22
3
13
4
22
22
14
0
18
0
3
24
17
8
14
19
12
21
23
16
8
5
14
21
17
12
3
19
13
6
4
5
23
2
2
18
12
23
6
24
7
12
0
0
1
11
17
19
18
0
24
8
2
13
0
1
14
23
2
0
5
3
10
23
3
1
3
2
5
24
9
12
20
10
22
2
9
13
1
2
